Adiponectin.levels	0	NA	NA
Age.related.macular.degeneration	0	NA	NA
Alzheimer.s.disease	0	NA	NA
Alzheimer.s.disease..late.onset.	3	2.13403912637705	0.360641815178106
Asthma	5	1.82494578972662	0.0212381609350329
Atopic.dermatitis	6	1.60056428664657	0.000457454450006144
Basal.cell.carcinoma	3	1.14727776163645	0.0975536356327891
Blood.metabolite.levels	24	18.0908293889777	0.0808745182180523
Blood.metabolite.ratios	8	4.99995053912151	0.115620293574906
Blood.pressure	2	3.45039176044181	0.885695107342931
Body.mass.index	5	9.9054033724756	0.984135018464913
Bone.mineral.density	15	7.92209078368948	0.00632909751263872
Breast.cancer	4	5.24148570295113	0.789719987558977
Cardiovascular.disease.risk.factors	2	0.96923979824628	0.252208253371615
Celiac.disease	11	2.69758530368042	5.59406060848167e-06
Cholesterol..total	8	6.75048811413633	0.356860145963153
Chronic.kidney.disease	1	1.79897468430088	0.857287937358437
Chronic.lymphocytic.leukemia	3	0.962796320065105	0.0669123874689415
Chronic.obstructive.pulmonary.disease.related.biomarkers	3	0.930240923812237	0.0532519808095957
Colorectal.cancer	3	2.05563563446803	0.338522934663416
Corneal.structure	5	1.30727133472029	0.00730360129111912
Coronary.heart.disease	5	5.49134539877509	0.672971108455334
C.reactive.protein	1	2.09153276510888	0.893748525454406
C.reactive.protein.levels	1	1.22413163254996	0.726611609902851
Crohn.s.disease	46	14.09042418916	6.91415068337861e-16
Diastolic.blood.pressure	3	2.99986595466006	0.600570433255497
End.stage.coagulation	0	NA	NA
Fasting.glucose.related.traits..interaction.with.BMI.	2	1.52184150630151	0.461015704639531
Fasting.plasma.glucose	1	1.26536269865539	0.742770504266466
F.cell.distribution	0	NA	NA
Fibrinogen	6	2.94433434512262	0.0613873512564208
Glycated.hemoglobin.levels	5	1.3210861955102	0.00613517681119727
Graves..disease	3	0.896075675102399	0.0481983286478095
HDL.cholesterol	9	9.66323654918904	0.648054507158403
Heart.rate	1	1.67735098637084	0.841751000559638
Height	81	51.2989123602687	7.20686890693252e-06
Hematological.and.biochemical.traits	1	0.825817297473291	0.581721998921024
Hypertension	2	2.15692978969633	0.657037226061498
Hypospadias	0	NA	NA
Idiopathic.membranous.nephropathy	3	1.0492889003181	0.0591160840744366
IgA.nephropathy	1	0.561860376312645	0.444379381411683
IgG.glycosylation	3	1.23929614291658	0.119096284144036
Inflammatory.bowel.disease	32	10.3281524032962	2.20011618647573e-10
LDL.cholesterol	8	6.7535841501026	0.3580461600293
Leprosy	9	1.81468677596811	1.3917739617753e-05
Lipid.metabolism.phenotypes	7	3.35773829859898	0.0353047982188328
Lipid.traits	1	1.32941657137873	0.7864260955484
Liver.enzyme.levels..gamma.glutamyl.transferase.	2	2.03739957353901	0.623693370129685
Mean.corpuscular.hemoglobin	8	1.72675868819807	0.000143146160543254
Mean.corpuscular.volume	6	1.71943693755701	0.00468405020088856
Mean.platelet.volume	4	5.09710437066885	0.789790534112527
Menarche..age.at.onset.	14	11.6064584056529	0.25972389212794
Menopause..age.at.onset.	1	1.90435026328095	0.880572752809808
Metabolic.syndrome	1	2.10916574260091	0.909014758088623
Metabolic.traits	5	4.07337786788168	0.385674423097536
Metabolite.levels	8	6.05601197556805	0.24622700481505
Motion.sickness	0	NA	NA
Multiple.sclerosis	15	4.19955787115327	3.6088735248437e-06
Myopia..pathological.	3	1.61483058758549	0.216681291261937
Obesity	5	5.68527225294109	0.699351888580018
Optic.cup.area	3	1.19642062366886	0.110582802053641
Parkinson.s.disease	8	8.65944632970687	0.759501775751774
Phospholipid.levels..plasma.	15	3.54322467193316	5.06726349613647e-08
Platelet.counts	10	4.35465667124353	0.00735130106375833
Primary.biliary.cirrhosis	9	2.09788952224817	4.74986361993271e-05
PR.interval	0	NA	NA
Prostate.cancer	10	7.52103909150604	0.205096485926899
Psoriasis	2	1.53581934690755	0.469728889434499
Pulmonary.function	2	2.50214591386245	0.753750389349574
Pulmonary.function..interaction.	2	1.40997554843155	0.422543733557261
QT.interval	13	6.41547707808431	0.00779822680330483
Red.blood.cell.traits	11	3.81531615749442	0.000408672187894351
Refractive.error	0	NA	NA
Rheumatoid.arthritis	24	7.22811943913576	3.60567229761722e-08
Schizophrenia	16	10.8302037495723	0.0552654845560884
Systemic.lupus.erythematosus	12	3.71971496991941	7.90116319020683e-05
Systolic.blood.pressure	4	3.07261961847572	0.369337106213258
Thyroid.hormone.levels	3	1.42934116767724	0.16383145018278
Trans.fatty.acid.levels	20	3.38086269184974	2.33965141654616e-13
Triglycerides	11	7.83094419605019	0.142041904128948
Type.1.diabetes	8	3.79428836754997	0.0236246927903967
Type.2.diabetes	4	8.10997606077935	0.976969480223613
Ulcerative.colitis	19	5.96790169327111	7.45875570838519e-07
Urate.levels	3	3.44247086063354	0.686631888924314
Urinary.metabolites..H.NMR.features.	0	NA	NA
Venous.thromboembolism	0	NA	NA
Venous.thromboembolism..gene.x.gene.interaction.	4	3.01504201347979	0.355940926481124
Vertical.cup.disc.ratio	3	1.14991915663251	0.10118333699578
Vitiligo	5	2.418213937084	0.0690574120376192
Waist.hip.ratio	3	1.4365525438564	0.158068684233742
White.blood.cell.count	1	1.46743509776707	0.795764172982399
