Adiponectin.levels	0	NA	NA
Age.related.macular.degeneration	0	NA	NA
Alzheimer.s.disease	1	0.900299221319491	0.623321087545126
Alzheimer.s.disease..late.onset.	1	1.44950128608536	0.798176095867668
Asthma	3	1.2068839203324	0.105879161836184
Atopic.dermatitis	0	NA	NA
Basal.cell.carcinoma	0	NA	NA
Blood.metabolite.levels	13	13.5196545186035	0.606423799209188
Blood.metabolite.ratios	3	3.37025905008968	0.671405370598376
Blood.pressure	7	2.42160810634179	0.00568879605078234
Body.mass.index	4	6.85258105160024	0.937299810229323
Bone.mineral.density	4	5.45520399614387	0.841500903319123
Breast.cancer	3	3.46196174734916	0.689501917685815
Cardiovascular.disease.risk.factors	4	0.66251880484081	0.00244218068051529
Celiac.disease	6	1.69712902225419	0.00400581933327601
Cholesterol..total	12	4.56667202019804	0.00102056015964288
Chronic.kidney.disease	1	1.41771707029946	0.786691204592747
Chronic.lymphocytic.leukemia	4	1.19800503262207	0.0161740437460822
Chronic.obstructive.pulmonary.disease.related.biomarkers	2	0.643940685470525	0.12886354429118
Colorectal.cancer	1	1.08037314189933	0.678084025280983
Corneal.structure	1	0.765480290762186	0.551631072050942
Coronary.heart.disease	8	3.14657206474916	0.00776899028555771
C.reactive.protein	2	1.59242771641097	0.483701146274628
C.reactive.protein.levels	1	0.821877887657171	0.577643111998986
Crohn.s.disease	29	9.04996694590121	8.46706249825062e-10
Diastolic.blood.pressure	6	1.85022297801649	0.00698323131048781
End.stage.coagulation	0	NA	NA
Fasting.glucose.related.traits..interaction.with.BMI.	1	0.92243919014395	0.620926324508691
Fasting.plasma.glucose	0	NA	NA
F.cell.distribution	1	0.269926509938635	0.241476223497799
Fibrinogen	7	2.02489306861214	0.00244893170497342
Glycated.hemoglobin.levels	4	0.927209431640873	0.00930648323894682
Graves..disease	3	0.604569177403147	0.0151265560448352
HDL.cholesterol	10	5.56725779038007	0.0478913321725875
Heart.rate	2	1.07559389355946	0.292375983523
Height	68	37.8666857621464	3.81360312375055e-07
Hematological.and.biochemical.traits	0	NA	NA
Hypertension	3	1.36997837318056	0.149617703953856
Hypospadias	0	NA	NA
Idiopathic.membranous.nephropathy	4	0.714938324854712	0.00187796510378854
IgA.nephropathy	0	NA	NA
IgG.glycosylation	4	1.13549218766947	0.0201542176835594
Inflammatory.bowel.disease	19	7.2129450544584	2.50529238782983e-05
LDL.cholesterol	6	4.67642770124249	0.320984383405417
Leprosy	2	1.13634832031186	0.315148631153914
Lipid.metabolism.phenotypes	5	2.13128427846559	0.0474776130594775
Lipid.traits	1	0.719221599146731	0.530821742554656
Liver.enzyme.levels..gamma.glutamyl.transferase.	0	NA	NA
Mean.corpuscular.hemoglobin	7	1.08116303149988	3.10507096385091e-05
Mean.corpuscular.volume	5	1.1791669175451	0.00401039048463662
Mean.platelet.volume	9	3.16265966339759	0.00191106961790449
Menarche..age.at.onset.	10	8.16894791634675	0.291108254515972
Menopause..age.at.onset.	6	1.59478189568602	0.00151127045778847
Metabolic.syndrome	2	1.27587589644254	0.370421832521221
Metabolic.traits	3	3.02276294601444	0.599090374607948
Metabolite.levels	3	4.22289159854831	0.816657286258841
Motion.sickness	0	NA	NA
Multiple.sclerosis	11	2.65185560401764	2.16472368553417e-05
Myopia..pathological.	0	NA	NA
Obesity	2	3.64514640445781	0.903706518452439
Optic.cup.area	1	0.815794703024352	0.575715361228321
Parkinson.s.disease	13	8.10381766708829	0.00352399423601895
Phospholipid.levels..plasma.	1	2.11332969694429	0.893024968768764
Platelet.counts	9	3.27093784120449	0.00318130824992381
Primary.biliary.cirrhosis	3	1.39416623211612	0.155028372726568
PR.interval	0	NA	NA
Prostate.cancer	6	4.93243428851717	0.36958840415613
Psoriasis	4	1.10436028077047	0.0168816091475489
Pulmonary.function	1	1.7694300586913	0.865198830373837
Pulmonary.function..interaction.	0	NA	NA
QT.interval	7	4.25363245036148	0.123761667374786
Red.blood.cell.traits	10	2.3241329083361	1.81081368893272e-05
Refractive.error	0	NA	NA
Rheumatoid.arthritis	15	4.96071689146516	5.59417423761614e-05
Schizophrenia	14	7.6676007785618	0.0123867529336921
Systemic.lupus.erythematosus	4	2.54948804540678	0.244838581411835
Systolic.blood.pressure	7	2.07799771893592	0.0024344489747685
Thyroid.hormone.levels	1	1.07797492793302	0.68656833264286
Trans.fatty.acid.levels	0	NA	NA
Triglycerides	6	5.41578157483395	0.461628015459619
Type.1.diabetes	10	2.7201598204548	0.000105506337143934
Type.2.diabetes	4	4.57315953243634	0.684598670646108
Ulcerative.colitis	14	3.8815389037129	7.67024731397128e-06
Urate.levels	2	2.33574266512845	0.692184086388519
Urinary.metabolites..H.NMR.features.	1	1.42427649102914	0.781862347003961
Venous.thromboembolism	0	NA	NA
Venous.thromboembolism..gene.x.gene.interaction.	3	1.84006350011859	0.277479701549407
Vertical.cup.disc.ratio	3	0.773859149498278	0.0362077340629678
Vitiligo	3	1.53229922921713	0.186986811408128
Waist.hip.ratio	3	0.776813695609874	0.0340672732781438
White.blood.cell.count	5	1.08279622737968	0.00232225371739563
